10-400-100-diff
request list:
[20.0, 40.0, 60.0, 80.0, 100.0, 120.0, 140.0, 160.0, 180.0, 200.0, 220.0, 240.0, 260.0, 280.0, 300.0, 320.0, 340.0, 360.0, 380.0, 400.0]
succ_serve_rate_list:
[0.997, 0.9949999999999999, 0.9870000000000003, 0.963625, 0.9451999999999995, 0.9208333333333336, 0.8874999999999997, 0.8635625000000001, 0.8433333333333336, 0.8165499999999994, 0.7976363636363638, 0.7775416666666666, 0.7544615384615383, 0.7303571428571429, 0.7228333333333332, 0.6990624999999998, 0.6769411764705883, 0.6551111111111111, 0.6604473684210527, 0.649]
end_to_end_key_rate_list:
[0.7389278292993722, 0.7202346254589894, 0.7276779075812176, 0.7356120867882701, 0.7323741141127573, 0.7456150790585531, 0.7388860408355117, 0.7572432308752447, 0.7586641995101562, 0.7629188851976303, 0.7732318278454069, 0.7748057782826043, 0.7782932245813654, 0.7839437927570297, 0.7887627322353697, 0.7857640109923445, 0.7844289101873225, 0.7869280096706427, 0.8035455825201526, 0.8071020951793197]
consume_key_list:
[6991.4, 14028.61, 20983.49, 26810.75, 32889.68, 37590.37, 42470.19, 45918.13, 49559.04, 53590.87, 56497.62, 59683.78, 62459.45, 64950.58, 68623.18, 69834.79, 71897.8, 73875.61, 76960.82, 78390.05]
average_consume_key_list:
[0.002940116658246668, 0.002892300482234547, 0.002852760349982241, 0.002891341225794684, 0.0028886936598078953, 0.002954525539879853, 0.002933729767760972, 0.0030166926521385533, 0.0030668996125015487, 0.0030492500372192484, 0.0031078711478680202, 0.0031282428110394438, 0.0031418009955916652, 0.003146951276237272, 0.0031566716956807094, 0.003199687815645663, 0.0031953101733684453, 0.003187197582663145, 0.003254496935021447, 0.0033058383937249834]

20-800-100-diff
request list:
[40.0, 80.0, 120.0, 160.0, 200.0, 240.0, 280.0, 320.0, 360.0, 400.0, 440.0, 480.0, 520.0, 560.0, 600.0, 640.0, 680.0, 720.0, 760.0, 800.0]
succ_serve_rate_list:
[1.0, 1.0, 1.0, 0.9998750000000001, 0.9992999999999997, 0.9973333333333337, 0.994857142857143, 0.9889687500000004, 0.9824999999999997, 0.9777250000000002, 0.9699545454545456, 0.961770833333333, 0.9529230769230774, 0.9454999999999998, 0.9354333333333332, 0.9271874999999997, 0.916823529411765, 0.9078888888888886, 0.9010263157894737, 0.8922249999999999]
end_to_end_key_rate_list:
[0.74008165419927, 0.7364549645981643, 0.7402945910577956, 0.7436990502353364, 0.7330144449712424, 0.734750910622617, 0.7429250851184791, 0.7375013881960988, 0.7406518189960779, 0.7443133536524784, 0.7466090730029993, 0.7483256163149129, 0.7531742216174057, 0.753546490486367, 0.7603829114256652, 0.7616270343416968, 0.7630102046241383, 0.7633182818387256, 0.7685735365652115, 0.7749582355364848]
consume_key_list:
[8396.09, 16884.8, 25116.22, 33155.81, 42205.58, 50319.09, 57924.74, 66671.21, 74140.29, 81207.74, 88147.3, 95598.25, 101472.23, 108571.4, 113620.06, 120169.73, 125767.79, 131977.82, 137843.87, 141697.73]
average_consume_key_list:
[209.90225000000007, 211.06000000000006, 209.30183333333332, 207.25058805031446, 211.17630606568184, 210.2382126749449, 207.96412509633467, 210.71906034275773, 209.6731661399112, 207.66159940967134, 206.60347705027024, 207.11886854659215, 204.82308409779674, 205.09765082200542, 202.538017773235, 202.6116830975326, 201.81135999430728, 201.9855000417964, 201.37274888761257, 198.60528956398124]

10-400-20-10-500-same
request list:
[20.0, 40.0, 60.0, 80.0, 100.0, 120.0, 140.0, 160.0, 180.0, 200.0, 220.0, 240.0, 260.0, 280.0, 300.0, 320.0, 340.0, 360.0, 380.0, 400.0]
succ_serve_rate_list:
[1.0, 0.99725, 0.9861666666666672, 0.9678749999999999, 0.9423999999999997, 0.9133333333333341, 0.885428571428571, 0.8612499999999997, 0.8375000000000005, 0.8118999999999995, 0.7922272727272731, 0.7696666666666667, 0.752230769230769, 0.7338571428571433, 0.7144000000000003, 0.7013125000000001, 0.6832647058823528, 0.668277777777778, 0.6542631578947372, 0.63845]
end_to_end_key_rate_list:
[0.724563260289331, 0.7203684663940376, 0.7247011484515737, 0.7285053468014782, 0.734913638629369, 0.7411609802844731, 0.7471770186032819, 0.7551861556740026, 0.762712886525381, 0.7672928254296657, 0.771477339021899, 0.7758451974006653, 0.7817107378250091, 0.7834531432947905, 0.787617956562571, 0.7922743652075335, 0.7937510445166438, 0.7962286320467353, 0.7986281696819614, 0.7998451057101587]
consume_key_list:
[7215.57, 14314.25, 20966.29, 27159.34, 32641.47, 37644.15, 42019.42, 46092.55, 49766.55, 53329.8, 56618.59, 59655.52, 62410.56, 65202.65, 67502.75, 70061.38, 72382.83, 74596.21, 76791.01, 78499.76]
average_consume_key_list:
[360.7784999999999, 358.9905381241566, 354.786855577623, 351.3467042701713, 347.1051970350511, 344.446632869221, 339.94155942036224, 335.58744431131686, 331.4514520868763, 329.77208797643914, 326.3092439182332, 324.50702995982175, 320.67996265645854, 318.9118710603203, 316.55628503490055, 313.7174941270829, 313.19642093270267, 311.7862065716441, 310.54317245340366, 308.9115582620092]

10-400-20-10-300-same
request list:
[20.0, 40.0, 60.0, 80.0, 100.0, 120.0, 140.0, 160.0, 180.0, 200.0, 220.0, 240.0, 260.0, 280.0, 300.0, 320.0, 340.0, 360.0, 380.0, 400.0]
succ_serve_rate_list:
[1.0, 1.0, 0.9993333333333334, 0.997375, 0.9915999999999994, 0.9800833333333329, 0.9668571428571426, 0.9539375000000001, 0.938611111111111, 0.9206000000000003, 0.9045909090909094, 0.8869166666666668, 0.8709615384615388, 0.8523571428571429, 0.8353333333333332, 0.8213749999999997, 0.8080000000000003, 0.7944722222222219, 0.7837105263157896, 0.7700499999999999]
end_to_end_key_rate_list:
[0.719915142152262, 0.7198491575911542, 0.7196434661959461, 0.7205055227246783, 0.722424170042054, 0.7232186746389242, 0.7271246795125158, 0.7316174313296964, 0.7350263513743558, 0.7389523240468066, 0.7418713190519318, 0.7461291391880513, 0.7507359722074599, 0.7531017832654731, 0.7565212142365361, 0.7602780652761146, 0.76257838344389, 0.7660113832261678, 0.7688524034893459, 0.7710883711464592]
consume_key_list:
[4324.03, 8691.85, 13025.97, 17359.7, 21435.43, 25385.86, 28883.26, 32289.5, 35547.93, 38540.28, 41496.37, 44159.95, 46576.61, 48851.45, 51039.12, 53240.16, 55373.79, 57350.64, 59440.08, 61246.1]
average_consume_key_list:
[216.2014999999999, 217.29625000000007, 217.26821810883138, 217.62307304916382, 216.30927525887546, 216.07094496290085, 213.6518917432765, 211.8637859996339, 210.80134664140954, 209.77201527878253, 208.97159059243538, 208.01368716661705, 206.2478903314772, 205.3493311552551, 204.38219257849997, 203.35161143642227, 202.3989631948346, 201.37419917467523, 200.43291213302706, 199.70033812992807]

20-800-40-10-500-same
request list:
[40.0, 80.0, 120.0, 160.0, 200.0, 240.0, 280.0, 320.0, 360.0, 400.0, 440.0, 480.0, 520.0, 560.0, 600.0, 640.0, 680.0, 720.0, 760.0, 800.0]
succ_serve_rate_list:
[1.0, 0.9996249999999999, 0.9966666666666663, 0.9927499999999999, 0.9829999999999994, 0.9707083333333327, 0.9574642857142854, 0.9445000000000001, 0.9290833333333336, 0.9143749999999997, 0.9019772727272728, 0.8887708333333328, 0.8753076923076926, 0.8636071428571431, 0.8513333333333332, 0.8408906250000001, 0.8297352941176469, 0.8210833333333332, 0.8119736842105262, 0.8029125000000004]
end_to_end_key_rate_list:
[0.7340751962093239, 0.7366839273808834, 0.7350322006527764, 0.7372820546161712, 0.7395458625631386, 0.7421565679727264, 0.7469720942985342, 0.7528159869715235, 0.7584998747611468, 0.7626671634701774, 0.7686108007364961, 0.773207945249441, 0.7772011594598573, 0.7827650037843462, 0.7869507136328715, 0.791598277466617, 0.7952097399579133, 0.7992100148742114, 0.8024447601838814, 0.8053658591715395]
consume_key_list:
[13918.7, 27989.31, 41691.15, 55038.12, 67702.22, 79867.37, 91176.63, 102055.05, 111875.43, 121398.46, 130663.88, 139437.02, 147853.53, 155823.39, 163675.37, 171436.43, 178933.3, 186434.68, 193599.81, 200589.32]
average_consume_key_list:
[347.96750000000014, 350.0072183544304, 348.60849750494833, 346.55408448182857, 344.42676405865933, 342.90972208755926, 340.23005875697237, 337.82435417338223, 334.6318942971811, 332.04815389237, 329.38868718924294, 327.01855243110737, 325.0352493501374, 322.3842475112171, 320.61907713615517, 318.76559625067716, 317.3642503698049, 315.62235858962686, 313.9713867246524, 312.5524791010096]

20-800-40-10-300-same
request list:
[40.0, 80.0, 120.0, 160.0, 200.0, 240.0, 280.0, 320.0, 360.0, 400.0, 440.0, 480.0, 520.0, 560.0, 600.0, 640.0, 680.0, 720.0, 760.0, 800.0]
succ_serve_rate_list:
[1.0, 1.0, 0.9999166666666666, 0.9996875000000002, 0.9981999999999998, 0.9962916666666664, 0.9929285714285712, 0.9896875000000003, 0.9830833333333332, 0.9762499999999998, 0.9684772727272727, 0.960166666666667, 0.9515769230769233, 0.9424999999999997, 0.9334333333333333, 0.925453125, 0.916926470588235, 0.9083194444444445, 0.8997105263157897, 0.8922875]
end_to_end_key_rate_list:
[0.7384199266116924, 0.7349168750848358, 0.7344038203576418, 0.734879754055592, 0.7344691297788277, 0.7350441044868592, 0.7364364998693551, 0.7386005031011399, 0.7405423203828062, 0.742738083651293, 0.7460247834223159, 0.7489890623903288, 0.7511425777001857, 0.7541855970871068, 0.7573154997069517, 0.7596806798995099, 0.7619615606374297, 0.7655396404604712, 0.7681775406298381, 0.7703927366762467]
consume_key_list:
[8445.3, 16943.43, 25376.61, 33766.59, 42285.37, 50504.2, 58609.69, 66465.96, 73980.43, 81291.77, 88254.21, 95003.01, 101726.81, 108080.37, 114022.75, 120170.51, 125973.05, 131575.62, 136921.73, 142416.66]
average_consume_key_list:
[211.13249999999994, 211.79287499999998, 211.49006092436974, 211.10966941823906, 211.81886925913824, 211.23435767018617, 210.8348057829548, 209.89008630625582, 209.06252957064862, 208.2081434464053, 207.14710716074322, 206.18536871465184, 205.6351883508283, 204.84074800034938, 203.65172606569803, 202.95116736731103, 202.10088770928309, 201.25712654512103, 200.32757238189336, 199.59827143655465]